63
-0.0242498 -0.2191450 0.3337475
0.1121396 0.2477298 0.2933507
-0.2335252 -0.3030048 0.1168506
0.2543265 -0.3087040 0.0044584
0.0698054 -0.0712677 0.3873605
-0.3256876 0.1061934 0.2065201
-0.2723649 -0.0485996 0.2888866
0.1128459 0.3722688 0.0931759
0.2618763 -0.0596392 0.2964186
0.3585000 0.1620238 0.0722914
-0.0550394 0.3599110 0.1656343
0.3691703 -0.0359269 0.1497416
-0.1131290 -0.0651266 0.3781010
0.3648065 -0.1630893 0.0178359
-0.1916025 0.1099704 0.3334591
0.1635958 -0.3267655 0.1626675
-0.3602102 -0.1053495 0.1383839
-0.3942248 0.0494198 0.0463083
-0.2236005 0.2583928 0.2079327
0.1633173 0.0831099 0.3555562
-0.0146011 -0.3453844 0.2012373
-0.0166742 0.0903054 0.3893159
-0.0903760 -0.3876188 0.0397974
0.0899418 -0.3896924 0.0070921
0.2942590 -0.1998616 0.1829398
-0.1972951 -0.2150834 0.2735211
0.3018346 0.1095888 0.2385082
-0.3283649 0.2196682 0.0626287
0.2441818 0.2686199 0.1679838
0.1561613 -0.2092005 0.3030656
-0.0705392 0.2454097 0.3078933
-0.1957051 0.3453883 0.0490553
-0.2714419 0.2753660 -0.1024347
-0.3098882 0.0019019 -0.2529144
-0.2526892 0.1760026 -0.2552866
0.3471121 0.1651699 -0.1105989
-0.1429981 -0.2823213 -0.2446349
-0.0598711 0.1970961 -0.3428828
0.3029507 -0.2164188 -0.1462319
0.2674654 0.2972020 -0.0115416
0.2212954 0.2661215 -0.2005185
-0.3826717 -0.0631923 -0.0978217
-0.3627281 0.1175233 -0.1208990
-0.3370375 -0.2153253 -0.0063806
-0.0238428 -0.1415475 -0.3733575
-0.0618482 0.3892625 -0.0681873
0.1785933 -0.0217950 -0.3572526
0.0098598 0.0368809 -0.3981741
-0.1686888 0.0505273 -0.3591533
0.1214475 0.1704899 -0.3408573
0.1944205 -0.1922966 -0.2919293
0.0372356 -0.2854594 -0.2777164
-0.0296930 -0.3760919 -0.1329406
-0.2943959 -0.1988164 -0.1838562
-0.2137874 -0.3280106 -0.0818780
0.2768335 0.1051992 -0.2688798
0.0483061 0.3103450 -0.2476944
0.1616039 -0.3329475 -0.1517568
0.3990637 0.0118688 -0.0246441
-0.1993799 -0.1264774 -0.3228794
0.3483627 -0.0447110 -0.1914271
0.1192110 0.3710689 -0.0899811
-0.1323720 0.3088445 -0.2170085
